0	0	-3.36	-10.655	-17.025	-22.382	-29.248	-34.86	-41.495	-46.967	-54.449	-60.325	-67.116	-72.573	-78.74	-86.735	-90.359	-95.746	-102.52	-108.289	-115.733	-120.364	-126.955	-132.4	-140.328	-144.366
0	-7.1928	-14.3157	-20.4244	-26.9769	-32.5832	-39.365	-45.4578	-51.9897	-59.1653	-65.6507	-71.8364	-78.4726	-84.6256	-90.6158	-96.8975	-103.9471	-109.8704	-116.9617	-122.4275	-129.633	-135.2423	-141.568	-146.8213	-153.5342	-158.6984
-15.253	-20.174	-26.0103	-31.6798	-38.6902	-44.3421	-51.5203	-57.4869	-64.2422	-70.3537	-77.4245	-83.4349	-90.1901	-96.4772	-102.6987	-109.1135	-116.6525	-121.8849	-128.0265	-134.0788	-140.3469	-146.5613	-152.8473	-158.5074	-164.8459	-170.9997
-24.478	-30.6917	-37.442	-43.1663	-49.7243	-55.9515	-62.2091	-68.7952	-75.2006	-81.9632	-88.8122	-95.7472	-102.7036	-107.8798	-114.7526	-121.071	-127.3853	-133.4828	-139.6036	-145.8022	-152.209	-159.1115	-165.0014	-170.1481	-177.1493	-183.5982
-34.903	-41.366	-48.0461	-54.2666	-60.8963	-66.842	-73.4271	-79.6819	-87.0352	-93.075	-99.0591	-106.2789	-113.2532	-119.4434	-125.6575	-131.4586	-139.0371	-144.9129	-151.9004	-158.212	-163.4319	-169.9392	-176.1481	-182.6631	-188.8818	-195.6961
-45.808	-52.3573	-58.5245	-65.4605	-71.4061	-76.5511	-84.3212	-91.281	-97.1199	-103.0653	-108.7636	-116.8385	-123.7758	-130.1505	-136.3205	-142.3549	-149.6675	-157.1369	-163.2995	-168.5461	-174.2271	-181.6166	-188.7376	-194.1028	-198.8362	-208.1677
-56.720	-63.04	-70.8034	-76.2385	-83.2177	-89.3361	-96.0411	-101.828	-108.38	-114.8971	-121.4245	-128.0928	-135.139	-141.7646	-148.173	-154.3849	-161.059	-168.6238	-174.768	-180.2233	-187.0837	-193.4688	-200.1373	-205.8746	-217.2163	-221.7002
-67.262	-73.9957	-80.3636	-87.5591	-93.3363	-100.0973	-106.5131	-113.0084	-119.4506	-126.2356	-132.4336	-139.2485	-146.7678	-153.5643	-158.8098	-165.4685	-173.3999	-179.4311	-186.116	-191.5311	-200.0939	-204.5966	-211.6146	-220.2437	-228.3201	-230.5378
-78.560	-84.8362	-91.6186	-97.4897	-104.4547	-110.3904	-117.2091	-123.6188	-130.4427	-136.4734	-144.9843	-151.2309	-157.8732	-165.1671	-171.276	-177.3961	-184.5182	-191.4129	-197.3575	-204.2505	-210.2744	-217.1344	-223.1279	-231.5936	-236.6622	-242.7001
-89.220	-95.7589	-101.8307	-108.6615	-114.8803	-121.6903	-128.2124	-134.5594	-141.112	-148.8292	-155.0224	-162.037	-168.8389	-175.5365	-182.788	-189.2364	-195.6604	-202.8431	-209.2392	-214.9372	-222.6982	-227.8842	-236.4424	-241.2586	-247.4951	-254.8156
-99.648	-106.1003	-112.5812	-119.0691	-126.0521	-132.1098	-139.0368	-145.5967	-152.0892	-159.1152	-166.1849	-173.2539	-180.7823	-186.4118	-193.8473	-200.7649	-207.1487	-214.3979	-220.3318	-227.0884	-232.9229	-241.6584	-246.3049	-253.8838	-259.5158	-265.9305
-110.661	-117.0562	-123.8487	-130.4755	-136.7221	-143.3751	-150.578	-157.2137	-164.395	-171.0283	-177.4759	-183.9872	-191.4354	-197.3424	-205.3096	-211.8828	-216.9167	-223.2129	-231.8267	-235.6455	-243.5776	-248.9201	-260.4117	-262.5126	-266.9143	-275.0343
-121.511	-128.2796	-134.4705	-141.4182	-148.0161	-155.1161	-161.6717	-169.4911	-175.3501	-182.4608	-189.0018	-195.498	-201.3818	-209.746	-217.7296	-222.5573	-227.9274	-234.205	-241.7915	-249.0506	-254.752	-261.7829	-267.5068	-273.3471	-279.4841	-288.0345
-132.325	-138.6631	-145.8457	-152.3724	-159.8707	-166.3342	-172.9778	-179.8352	-186.8134	-193.4123	-199.9267	-206.8429	-214.1381	-220.5624	-226.559	-232.8841	-240.3332	-247.5321	-253.5675	-260.1032	-266.0376	-273.004	-278.7031	-283.6925	-291.5502	-298.2143
-143.519	-149.8786	-156.6497	-163.8461	-170.832	-178.2235	-184.2404	-190.654	-197.5232	-204.2819	-211.1501	-218.3108	-224.2956	-231.1851	-237.6953	-243.9644	-250.9988	-257.6267	-265.0981	-272.8849	-276.7498	-284.4285	-289.4365	-296.9272	-303.2066	-310.938
-153.728	-160.9803	-168.0085	-174.9564	-182.094	-188.0249	-195.2156	-201.7671	-208.5239	-215.4602	-221.9243	-229.5501	-235.6303	-241.7238	-247.6318	-256.0482	-261.6145	-268.8962	-277.4457	-282.5395	-287.3611	-294.9182	-301.9455	-306.8238	-315.4455	-321.5408
-166.140	-173.449	-180.0325	-186.3892	-193.5781	-200.0744	-205.8211	-213.216	-219.7601	-226.6702	-233.8272	-241.0774	-248.7935	-254.9777	-262.7909	-269.2101	-275.4689	-282.9618	-288.5107	-296.4878	-303.0355	-308.0575	-315.7782	-322.7541	-329.4275	-335.4698
-177.151	-183.4174	-191.5115	-197.7091	-204.0426	-211.3171	-217.5928	-224.1234	-232.0203	-239.1842	-245.4944	-253.1838	-260.0712	-267.5707	-274.7705	-280.3921	-286.8371	-294.5726	-299.7762	-306.9678	-313.1696	-320.4598	-326.455	-334.6511	-339.8709	-347.2654
-188.419	-194.3406	-200.9245	-208.1636	-215.0471	-221.5585	-228.4563	-235.8056	-243.3949	-250.573	-256.6277	-264.4793	-271.6372	-277.7797	-284.8183	-291.4015	-298.3537	-304.1203	-311.8291	-318.9946	-324.4319	-330.8641	-337.8254	-344.954	-351.5936	-359.0989
-198.796	-205.6744	-212.49	-219.2523	-226.4266	-233.2879	-240.1313	-247.3374	-254.4063	-260.8029	-268.1125	-275.4207	-282.5895	-289.0191	-295.7646	-302.029	-308.9851	-317.3206	-325.0808	-329.9664	-337.5549	-342.9224	-350.2497	-356.9985	-363.305	-369.5008
-210.015	-216.9983	-223.226	-230.7764	-237.4898	-243.5874	-251.5949	-259.391	-265.2791	-272.7557	-278.2204	-286.6728	-293.5304	-300.0799	-306.7336	-313.1217	-320.6339	-327.486	-334.3381	-340.7075	-346.8934	-355.2052	-362.2607	-367.5035	-374.0699	-381.2427
