0.000000e+00 0.000000e+00 3.360000e+00 7.295000e+00 6.370000e+00 5.357000e+00 6.866000e+00 5.612000e+00 6.635000e+00 5.472000e+00 7.482000e+00 5.876000e+00 6.791000e+00 5.457000e+00 6.167000e+00 7.995000e+00 3.624000e+00 5.387000e+00 5.130000e+00 4.529000e+00 6.616000e+00 4.381000e+00 5.360000e+00 4.170000e+00 6.096000e+00 3.182000e+00
0.000000e+00 7.192800e+00 7.122900e+00 6.108700e+00 6.552500e+00 5.606300e+00 6.781800e+00 6.092800e+00 6.531900e+00 7.175600e+00 6.485400e+00 6.185700e+00 6.636200e+00 6.153000e+00 5.990200e+00 6.281700e+00 7.049600e+00 5.923300e+00 7.091300e+00 5.465800e+00 7.205500e+00 5.609300e+00 6.325700e+00 5.253300e+00 6.712900e+00 5.164200e+00
1.525300e+01 4.921000e+00 5.836300e+00 5.669500e+00 6.412200e+00 5.651900e+00 7.019300e+00 5.966600e+00 6.755300e+00 6.111500e+00 7.070800e+00 6.010400e+00 6.755200e+00 6.287100e+00 6.221500e+00 6.414800e+00 7.539000e+00 5.232400e+00 6.141600e+00 6.052300e+00 6.268100e+00 6.214400e+00 6.286000e+00 5.660100e+00 6.338500e+00 6.153800e+00
9.225000e+00 6.213700e+00 6.750300e+00 5.724300e+00 6.558000e+00 6.227200e+00 6.257600e+00 6.586100e+00 6.405400e+00 6.762600e+00 6.849000e+00 6.935000e+00 6.956400e+00 5.176200e+00 6.872800e+00 6.318400e+00 6.314300e+00 6.097500e+00 6.120800e+00 6.198600e+00 6.406800e+00 6.902500e+00 5.889900e+00 5.146700e+00 7.001200e+00 6.448900e+00
4.397000e+00 5.939000e+00 6.680100e+00 6.220500e+00 6.629700e+00 5.945700e+00 6.585100e+00 6.254800e+00 7.353300e+00 6.039800e+00 5.984100e+00 7.219800e+00 6.974300e+00 6.190200e+00 6.214100e+00 5.801100e+00 7.131600e+00 5.875800e+00 6.987500e+00 6.311600e+00 5.219900e+00 6.507300e+00 6.208900e+00 6.515000e+00 6.218700e+00 6.814300e+00
6.077000e+00 6.412600e+00 5.829500e+00 6.936000e+00 5.945600e+00 5.145000e+00 6.859100e+00 6.959800e+00 5.838900e+00 5.849100e+00 4.698400e+00 5.838300e+00 5.819200e+00 6.374700e+00 6.170000e+00 6.030900e+00 7.029200e+00 7.469400e+00 6.162600e+00 5.246600e+00 5.681000e+00 7.252100e+00 7.121000e+00 5.365200e+00 4.733400e+00 8.775100e+00
6.564000e+00 6.320000e+00 7.504300e+00 5.435100e+00 6.979200e+00 6.118400e+00 6.705000e+00 5.786900e+00 6.091800e+00 6.517100e+00 6.527400e+00 6.560900e+00 6.632800e+00 6.625600e+00 6.408400e+00 6.211900e+00 6.674100e+00 7.564800e+00 6.144200e+00 5.455300e+00 6.860400e+00 6.385100e+00 6.668500e+00 5.737300e+00 1.134170e+01 4.483900e+00
6.201000e+00 6.385400e+00 6.367900e+00 6.845600e+00 5.777200e+00 6.761000e+00 6.415800e+00 6.474400e+00 6.442200e+00 6.785000e+00 6.198000e+00 6.814900e+00 7.519300e+00 6.796500e+00 5.245500e+00 6.658700e+00 7.931400e+00 6.031200e+00 6.684900e+00 5.415100e+00 8.562800e+00 4.502700e+00 7.018000e+00 8.629100e+00 8.076400e+00 2.217700e+00
6.587000e+00 6.276200e+00 5.562200e+00 5.871100e+00 5.984000e+00 5.801300e+00 5.915000e+00 6.409700e+00 6.809700e+00 6.030700e+00 8.306800e+00 6.246600e+00 6.642300e+00 7.293900e+00 6.108900e+00 6.120100e+00 7.122100e+00 6.894700e+00 5.944600e+00 6.893000e+00 6.023900e+00 6.860000e+00 5.993500e+00 8.465700e+00 4.192900e+00 5.309800e+00
6.705000e+00 6.510200e+00 6.071800e+00 5.849400e+00 6.218800e+00 6.340000e+00 6.446300e+00 6.298000e+00 6.408400e+00 7.340600e+00 6.193200e+00 7.014600e+00 6.801900e+00 6.697600e+00 7.251500e+00 6.448400e+00 6.424000e+00 7.182700e+00 6.396100e+00 5.698000e+00 7.351300e+00 5.186000e+00 8.558200e+00 4.816200e+00 3.922000e+00 6.321500e+00
5.835000e+00 6.011100e+00 5.709600e+00 6.326400e+00 6.344400e+00 6.057700e+00 6.574700e+00 6.559900e+00 6.393500e+00 7.026000e+00 5.947600e+00 6.770000e+00 7.528400e+00 5.629500e+00 7.318300e+00 6.917600e+00 6.383800e+00 7.249200e+00 5.933900e+00 6.756600e+00 5.834500e+00 8.735500e+00 4.646500e+00 7.037200e+00 5.632000e+00 6.414700e+00
6.188000e+00 6.044300e+00 6.765000e+00 6.561000e+00 6.246600e+00 6.431800e+00 7.112600e+00 6.635700e+00 7.181300e+00 6.633300e+00 6.447600e+00 6.511300e+00 7.343500e+00 5.907000e+00 7.268600e+00 6.573200e+00 5.033900e+00 5.116800e+00 7.334500e+00 3.818800e+00 5.626400e+00 5.342500e+00 8.716300e+00 2.100900e+00 3.142600e+00 3.967600e+00
6.610000e+00 6.768600e+00 6.190900e+00 6.947700e+00 6.409300e+00 7.100000e+00 6.555600e+00 7.819400e+00 5.859000e+00 7.110700e+00 6.541000e+00 6.496200e+00 5.346500e+00 8.081200e+00 7.983600e+00 4.827700e+00 5.370100e+00 4.554100e+00 6.206700e+00 6.709200e+00 5.701400e+00 4.871500e+00 5.674400e+00 4.210300e+00 4.715300e+00 6.851000e+00
6.411000e+00 6.338100e+00 6.744000e+00 6.526700e+00 7.498300e+00 6.463500e+00 6.643600e+00 6.857400e+00 6.978200e+00 6.598900e+00 6.514400e+00 6.916200e+00 7.295200e+00 6.424300e+00 5.996400e+00 5.748300e+00 7.449100e+00 7.198900e+00 6.035400e+00 6.535700e+00 5.934400e+00 6.867600e+00 3.038400e+00 3.106800e+00 5.128200e+00 6.122800e+00
6.755000e+00 6.346000e+00 6.771100e+00 7.174900e+00 6.985900e+00 7.391500e+00 6.016900e+00 5.909900e+00 6.869200e+00 6.568100e+00 6.868200e+00 7.160700e+00 5.984800e+00 6.186100e+00 4.712700e+00 6.060800e+00 7.034400e+00 6.627900e+00 7.471400e+00 7.786800e+00 3.864900e+00 7.392600e+00 4.546800e+00 5.823800e+00 5.352900e+00 7.360000e+00
6.150000e+00 7.064200e+00 6.909800e+00 6.947900e+00 6.970300e+00 5.930900e+00 6.984800e+00 6.551500e+00 6.457500e+00 6.794900e+00 6.464100e+00 7.454200e+00 6.080200e+00 5.908400e+00 5.424200e+00 7.626900e+00 5.566300e+00 6.111100e+00 8.549500e+00 5.093800e+00 4.821600e+00 6.661200e+00 6.630800e+00 4.878300e+00 6.987700e+00 6.095300e+00
7.368000e+00 7.309000e+00 6.583500e+00 6.356700e+00 7.188900e+00 6.496300e+00 5.746700e+00 7.309000e+00 6.544100e+00 6.910100e+00 7.157000e+00 7.250200e+00 7.716100e+00 6.184200e+00 7.813200e+00 6.419200e+00 6.258800e+00 7.492900e+00 5.548900e+00 7.977100e+00 6.547700e+00 5.022000e+00 7.720700e+00 6.975900e+00 6.673400e+00 6.042300e+00
8.170000e+00 6.266400e+00 8.094100e+00 6.197600e+00 6.333500e+00 7.274500e+00 6.275700e+00 6.530600e+00 7.896900e+00 7.163900e+00 6.310200e+00 7.689400e+00 6.887400e+00 7.499500e+00 7.199800e+00 5.621600e+00 6.445000e+00 7.735500e+00 5.203600e+00 7.191600e+00 6.201800e+00 7.290200e+00 5.995200e+00 8.196100e+00 5.219800e+00 7.394500e+00
7.026000e+00 5.638600e+00 5.639000e+00 6.521400e+00 6.216000e+00 6.231100e+00 6.897800e+00 7.336600e+00 7.589300e+00 7.178100e+00 6.054700e+00 7.851600e+00 7.157900e+00 6.142500e+00 6.774400e+00 6.583200e+00 6.952200e+00 5.766600e+00 7.708800e+00 7.165500e+00 5.437300e+00 6.432200e+00 6.794200e+00 6.946900e+00 6.639600e+00 7.505300e+00
6.392000e+00 6.878400e+00 5.725500e+00 6.290200e+00 7.131000e+00 6.717800e+00 6.843400e+00 7.206100e+00 7.068900e+00 6.365700e+00 7.309600e+00 6.983900e+00 7.168800e+00 6.195400e+00 5.741100e+00 6.264400e+00 6.895000e+00 7.495000e+00 7.760200e+00 4.885600e+00 7.588500e+00 5.367500e+00 7.327300e+00 6.748800e+00 6.306500e+00 6.195800e+00
6.343000e+00 6.983300e+00 6.227700e+00 7.359800e+00 6.713400e+00 6.097600e+00 7.885600e+00 7.796100e+00 5.888100e+00 6.929700e+00 5.464700e+00 6.940500e+00 6.640200e+00 6.549500e+00 6.653700e+00 6.388100e+00 7.027200e+00 6.852100e+00 6.852100e+00 6.369400e+00 6.185900e+00 8.311800e+00 7.055500e+00 5.242800e+00 6.566400e+00 6.890800e+00
